122.34	48.67	20.34	3.00	2.41589e15	0.00	2.41589e14	1.00	
101.88	62.95	19.08	3.00	2.71003e15	0.00	2.71003e14	1.00	
54.41	65.83	63.89	3.00	2.07422e15	0.00	2.07422e14	1.00	
-167.25	8.00	-31.98	3.00	1.65107e15	0.00	1.65107e14	1.00	
39.39	88.39	85.32	3.00	1.44055e15	0.00	1.44055e14	1.00	
117.48	56.16	46.58	3.00	2.93903e15	0.00	2.93903e14	1.00	
43.84	59.89	47.34	3.00	3.01011e15	0.00	3.01011e14	1.00	
38.50	20.56	40.55	3.00	2.14349e15	0.00	2.14349e14	1.00	
15.04	21.89	36.90	3.00	1.90761e15	0.00	1.90761e14	1.00	
43.14	92.17	86.86	3.00	1.42381e15	0.00	1.42381e14	1.00	
90.14	71.03	43.92	3.00	2.08591e15	0.00	2.08591e14	1.00	
121.17	79.22	15.17	3.00	1.62243e15	0.00	1.62243e14	1.00	
35.91	64.40	74.33	3.00	1.88916e15	0.00	1.88916e14	1.00	
114.39	60.14	32.68	3.00	2.71228e15	0.00	2.71228e14	1.00	
38.57	61.95	63.60	3.00	2.41356e15	0.00	2.41356e14	1.00	
140.13	78.81	9.94	3.00	1.54273e15	0.00	1.54273e14	1.00	
76.28	68.60	54.74	3.00	2.47331e15	0.00	2.47331e14	1.00	
108.79	67.61	42.55	3.00	2.58463e15	0.00	2.58463e14	1.00	
85.16	54.78	50.55	3.00	2.82474e15	0.00	2.82474e14	1.00	
126.56	36.94	18.39	3.00	2.61987e15	0.00	2.61987e14	1.00	
51.92	70.32	65.99	3.00	2.27707e15	0.00	2.27707e14	1.00	
91.67	38.46	78.79	3.00	3.4992e15	0.00	3.4992e14	1.00	
62.91	59.53	53.20	3.00	2.6921e15	0.00	2.6921e14	1.00	
87.26	64.15	52.42	3.00	2.81059e15	0.00	2.81059e14	1.00	
10.36	69.82	75.08	3.00	1.98625e15	0.00	1.98625e14	1.00	
44.72	61.43	63.27	3.00	2.52445e15	0.00	2.52445e14	1.00	
131.46	84.76	0.49	3.00	1.41695e15	0.00	1.41695e14	1.00	
66.49	70.10	65.45	3.00	2.25951e15	0.00	2.25951e14	1.00	
78.67	51.15	15.97	3.00	3.55362e15	0.00	3.55362e14	1.00	
133.39	49.98	28.59	3.00	2.39907e15	0.00	2.39907e14	1.00	
93.93	63.54	40.51	3.00	2.36593e15	0.00	2.36593e14	1.00	
48.02	88.25	82.93	3.00	1.4545e15	0.00	1.4545e14	1.00	
122.91	58.96	38.73	3.00	2.66859e15	0.00	2.66859e14	1.00	
34.48	56.04	36.82	3.00	2.85907e15	0.00	2.85907e14	1.00	
46.84	80.01	81.40	3.00	1.55722e15	0.00	1.55722e14	1.00	
86.05	48.43	43.00	3.00	2.8716e15	0.00	2.8716e14	1.00	
-1.75	34.67	52.10	3.00	2.36078e15	0.00	2.36078e14	1.00	
5.07	45.94	45.97	3.00	2.94019e15	0.00	2.94019e14	1.00	
36.96	61.57	68.86	3.00	1.92657e15	0.00	1.92657e14	1.00	
43.15	87.47	85.86	3.00	1.45094e15	0.00	1.45094e14	1.00	
69.91	67.93	51.05	3.00	2.26459e15	0.00	2.26459e14	1.00	
6.19	16.20	64.19	3.00	1.69084e15	0.00	1.69084e14	1.00	
-108.12	3.46	-115.80	3.00	1.44389e15	0.00	1.44389e14	1.00	
46.12	74.99	71.75	3.00	1.70529e15	0.00	1.70529e14	1.00	
22.14	49.71	49.08	3.00	2.8388e15	0.00	2.8388e14	1.00	
-4.22	44.61	47.96	3.00	2.766e15	0.00	2.766e14	1.00	
21.07	66.56	55.30	3.00	2.62915e15	0.00	2.62915e14	1.00	
114.71	49.96	50.72	3.00	3.39828e15	0.00	3.39828e14	1.00	
99.22	56.67	23.55	3.00	3.03739e15	0.00	3.03739e14	1.00	
4.94	43.44	53.96	3.00	2.69977e15	0.00	2.69977e14	1.00	
82.96	74.68	22.88	3.00	2.02739e15	0.00	2.02739e14	1.00	
56.74	88.51	5.03	3.00	1.49703e15	0.00	1.49703e14	1.00	
14.57	42.38	58.32	3.00	1.55216e15	0.00	1.55216e14	1.00	
108.30	79.61	6.41	3.00	1.70916e15	0.00	1.70916e14	1.00	
134.99	76.17	12.52	3.00	1.76551e15	0.00	1.76551e14	1.00	
43.76	45.97	43.85	3.00	2.72592e15	0.00	2.72592e14	1.00	
114.00	58.01	34.40	3.00	2.77418e15	0.00	2.77418e14	1.00	
-9.77	18.55	93.81	3.00	1.64093e15	0.00	1.64093e14	1.00	
64.59	67.59	44.73	3.00	2.07945e15	0.00	2.07945e14	1.00	
29.51	37.92	48.01	3.00	2.58895e15	0.00	2.58895e14	1.00	
161.29	9.28	-25.31	3.00	1.4449e15	0.00	1.4449e14	1.00	
45.01	80.37	82.93	3.00	1.4768e15	0.00	1.4768e14	1.00	
70.97	69.39	59.02	3.00	2.53018e15	0.00	2.53018e14	1.00	
36.07	83.15	89.18	3.00	1.45656e15	0.00	1.45656e14	1.00	
-0.38	40.37	38.80	3.00	2.36656e15	0.00	2.36656e14	1.00	
85.95	64.08	74.79	3.00	2.95945e15	0.00	2.95945e14	1.00	
17.47	14.95	16.04	3.00	1.48881e15	0.00	1.48881e14	1.00	
64.51	66.16	50.76	3.00	2.28481e15	0.00	2.28481e14	1.00	
11.68	49.70	62.56	3.00	1.96801e15	0.00	1.96801e14	1.00	
139.69	65.06	13.27	3.00	1.9885e15	0.00	1.9885e14	1.00	
20.80	22.83	45.93	3.00	2.10235e15	0.00	2.10235e14	1.00	
57.45	86.46	-9.25	3.00	1.63599e15	0.00	1.63599e14	1.00	
55.70	53.83	59.84	3.00	2.97772e15	0.00	2.97772e14	1.00	
7.24	36.03	40.48	3.00	2.45975e15	0.00	2.45975e14	1.00	
52.84	91.79	-1.16	3.00	1.44286e15	0.00	1.44286e14	1.00	
74.10	86.12	87.70	3.00	1.70639e15	0.00	1.70639e14	1.00	
83.41	54.55	44.46	3.00	2.89086e15	0.00	2.89086e14	1.00	
120.46	68.77	30.84	3.00	2.47108e15	0.00	2.47108e14	1.00	
58.36	55.54	85.36	3.00	2.88554e15	0.00	2.88554e14	1.00	
-7.75	52.92	36.25	3.00	2.47505e15	0.00	2.47505e14	1.00	
101.53	58.03	55.75	3.00	3.08555e15	0.00	3.08555e14	1.00	
62.52	56.05	3.72	3.00	2.91661e15	0.00	2.91661e14	1.00	
141.62	61.01	20.67	3.00	1.77262e15	0.00	1.77262e14	1.00	
96.30	61.22	41.52	3.00	2.75037e15	0.00	2.75037e14	1.00	
13.42	46.80	46.58	3.00	2.58109e15	0.00	2.58109e14	1.00	
-0.62	65.46	27.72	3.00	2.58069e15	0.00	2.58069e14	1.00	
108.56	64.12	32.35	3.00	2.63243e15	0.00	2.63243e14	1.00	
62.03	64.93	56.32	3.00	2.14973e15	0.00	2.14973e14	1.00	
44.86	50.40	46.05	3.00	2.96565e15	0.00	2.96565e14	1.00	
22.86	68.64	62.37	3.00	2.73596e15	0.00	2.73596e14	1.00	
63.59	78.34	73.24	3.00	1.51822e15	0.00	1.51822e14	1.00	
3.76	21.96	46.65	3.00	1.62142e15	0.00	1.62142e14	1.00	
77.90	32.05	92.92	3.00	2.67787e15	0.00	2.67787e14	1.00	
-7.03	51.46	30.18	3.00	2.41162e15	0.00	2.41162e14	1.00	
27.99	41.97	59.21	3.00	2.63999e15	0.00	2.63999e14	1.00	
58.10	55.65	49.75	3.00	3.21062e15	0.00	3.21062e14	1.00	
15.20	56.41	58.28	3.00	2.46685e15	0.00	2.46685e14	1.00	
48.42	75.48	72.58	3.00	1.72274e15	0.00	1.72274e14	1.00	
22.29	9.30	118.46	3.00	1.65209e15	0.00	1.65209e14	1.00	
68.58	56.55	49.78	3.00	2.85092e15	0.00	2.85092e14	1.00	
75.41	70.73	60.24	3.00	1.63104e15	0.00	1.63104e14	1.00	
18.75	68.41	60.69	3.00	3.18169e15	0.00	3.18169e14	1.00	
81.21	68.47	39.51	3.00	2.67858e15	0.00	2.67858e14	1.00	
61.79	69.97	59.84	3.00	2.34235e15	0.00	2.34235e14	1.00	
20.64	56.34	68.83	3.00	2.02317e15	0.00	2.02317e14	1.00	
-1.65	50.08	39.07	3.00	2.45452e15	0.00	2.45452e14	1.00	
4.44	21.43	43.56	3.00	1.84011e15	0.00	1.84011e14	1.00	
117.41	69.74	24.83	3.00	2.21011e15	0.00	2.21011e14	1.00	
94.74	60.29	30.00	3.00	2.83558e15	0.00	2.83558e14	1.00	
8.34	26.55	46.75	3.00	2.31036e15	0.00	2.31036e14	1.00	
-0.01	30.44	39.64	3.00	2.09115e15	0.00	2.09115e14	1.00	
7.86	10.19	35.70	3.00	1.54542e15	0.00	1.54542e14	1.00	
2.71	21.46	42.05	3.00	1.78248e15	0.00	1.78248e14	1.00	
101.40	55.74	50.37	3.00	2.73076e15	0.00	2.73076e14	1.00	
125.03	73.18	9.00	3.00	1.70628e15	0.00	1.70628e14	1.00	
136.55	89.36	5.14	3.00	1.50984e15	0.00	1.50984e14	1.00	
124.30	66.41	26.13	3.00	2.70484e15	0.00	2.70484e14	1.00	
26.59	50.19	55.01	3.00	1.9352e15	0.00	1.9352e14	1.00	
47.63	61.51	55.18	3.00	2.5394e15	0.00	2.5394e14	1.00	
74.51	60.65	64.92	3.00	2.2823e15	0.00	2.2823e14	1.00	
33.36	65.39	60.37	3.00	2.59145e15	0.00	2.59145e14	1.00	
111.40	56.09	49.84	3.00	3.06875e15	0.00	3.06875e14	1.00	
127.60	76.08	20.13	3.00	1.80427e15	0.00	1.80427e14	1.00	
63.78	64.03	59.15	3.00	2.83975e15	0.00	2.83975e14	1.00	
23.22	80.91	79.97	3.00	1.57312e15	0.00	1.57312e14	1.00	
46.66	64.62	64.02	3.00	2.12571e15	0.00	2.12571e14	1.00	
7.98	22.87	28.55	3.00	1.60455e15	0.00	1.60455e14	1.00	
100.02	53.90	33.38	3.00	2.94799e15	0.00	2.94799e14	1.00	
52.00	80.18	88.07	3.00	1.4712e15	0.00	1.4712e14	1.00	
104.76	2.62	44.15	3.00	1.53875e15	0.00	1.53875e14	1.00	
137.01	10.13	-35.61	3.00	2.06571e15	0.00	2.06571e14	1.00	
107.24	60.67	29.05	3.00	2.60926e15	0.00	2.60926e14	1.00	
87.09	66.36	50.44	3.00	2.31185e15	0.00	2.31185e14	1.00	
83.01	87.15	77.16	3.00	1.71256e15	0.00	1.71256e14	1.00	
73.08	110.61	27.92	3.00	1.51365e15	0.00	1.51365e14	1.00	
5.83	36.55	46.16	3.00	2.30331e15	0.00	2.30331e14	1.00	
147.53	66.97	15.04	3.00	1.794e15	0.00	1.794e14	1.00	
58.60	61.62	58.56	3.00	2.35956e15	0.00	2.35956e14	1.00	
95.42	68.22	42.55	3.00	2.73708e15	0.00	2.73708e14	1.00	
105.80	66.69	34.38	3.00	2.08182e15	0.00	2.08182e14	1.00	
-0.79	57.68	49.43	3.00	3.3211e15	0.00	3.3211e14	1.00	
72.20	64.76	57.18	3.00	2.70328e15	0.00	2.70328e14	1.00	
172.58	8.79	-6.94	3.00	1.7454e15	0.00	1.7454e14	1.00	
91.32	47.05	71.89	3.00	3.4285e15	0.00	3.4285e14	1.00	
45.62	51.19	55.68	3.00	2.50054e15	0.00	2.50054e14	1.00	
53.54	57.77	54.07	3.00	2.96077e15	0.00	2.96077e14	1.00	
2.52	8.90	44.74	3.00	1.50521e15	0.00	1.50521e14	1.00	
53.03	76.73	77.38	3.00	1.75044e15	0.00	1.75044e14	1.00	
56.42	78.06	85.17	3.00	1.59733e15	0.00	1.59733e14	1.00	
30.47	73.95	69.31	3.00	2.17686e15	0.00	2.17686e14	1.00	
61.00	78.16	84.66	3.00	1.62916e15	0.00	1.62916e14	1.00	
80.87	62.33	32.64	3.00	2.98917e15	0.00	2.98917e14	1.00	
112.98	55.29	35.63	3.00	2.90664e15	0.00	2.90664e14	1.00	
85.43	88.78	16.22	3.00	1.64132e15	0.00	1.64132e14	1.00	
-26.77	3.87	65.73	3.00	1.43103e15	0.00	1.43103e14	1.00	
51.42	69.58	62.68	3.00	2.54417e15	0.00	2.54417e14	1.00	
113.06	52.96	54.46	3.00	3.5388e15	0.00	3.5388e14	1.00	
-5.82	17.73	95.41	3.00	1.64354e15	0.00	1.64354e14	1.00	
123.31	61.59	27.93	3.00	2.36785e15	0.00	2.36785e14	1.00	
44.34	71.02	65.76	3.00	2.23387e15	0.00	2.23387e14	1.00	
81.70	6.17	37.01	3.00	1.77924e15	0.00	1.77924e14	1.00	
68.17	65.63	56.39	3.00	2.28577e15	0.00	2.28577e14	1.00	
-26.61	8.50	154.30	3.00	1.46341e15	0.00	1.46341e14	1.00	
-145.79	8.35	-93.15	3.00	1.55389e15	0.00	1.55389e14	1.00	
6.70	57.17	42.28	3.00	3.09044e15	0.00	3.09044e14	1.00	
60.59	51.40	37.90	3.00	3.12839e15	0.00	3.12839e14	1.00	
128.05	36.02	40.83	3.00	1.98052e15	0.00	1.98052e14	1.00	
89.54	59.39	52.08	3.00	2.72694e15	0.00	2.72694e14	1.00	
80.19	64.66	48.18	3.00	1.74922e15	0.00	1.74922e14	1.00	
30.38	58.02	54.67	3.00	2.0779e15	0.00	2.0779e14	1.00	
54.39	45.19	52.52	3.00	2.67777e15	0.00	2.67777e14	1.00	
66.27	15.74	92.44	3.00	1.97001e15	0.00	1.97001e14	1.00	
102.74	60.14	24.67	3.00	2.25113e15	0.00	2.25113e14	1.00	
139.07	61.70	28.82	3.00	2.24706e15	0.00	2.24706e14	1.00	
114.32	62.84	46.34	3.00	3.01208e15	0.00	3.01208e14	1.00	
27.87	19.56	124.22	3.00	1.91339e15	0.00	1.91339e14	1.00	
41.75	64.30	46.36	3.00	2.7417e15	0.00	2.7417e14	1.00	
171.10	9.15	-36.46	3.00	1.46459e15	0.00	1.46459e14	1.00	
44.51	66.75	68.27	3.00	2.08538e15	0.00	2.08538e14	1.00	
115.58	17.01	35.52	3.00	2.01862e15	0.00	2.01862e14	1.00	
3.25	79.48	45.16	3.00	3.59591e15	0.00	3.59591e14	1.00	
48.93	78.52	75.99	3.00	1.68831e15	0.00	1.68831e14	1.00	
79.39	73.44	66.75	3.00	2.03813e15	0.00	2.03813e14	1.00	
77.23	64.15	64.97	3.00	1.72031e15	0.00	1.72031e14	1.00	
25.11	1.36	112.90	3.00	1.41018e15	0.00	1.41018e14	1.00	
-10.13	40.97	38.59	3.00	1.83091e15	0.00	1.83091e14	1.00	
-4.10	50.91	40.27	3.00	2.62282e15	0.00	2.62282e14	1.00	
5.35	35.91	44.80	3.00	2.38359e15	0.00	2.38359e14	1.00	
110.14	58.98	35.30	3.00	2.64145e15	0.00	2.64145e14	1.00	
46.75	62.58	54.59	3.00	2.62044e15	0.00	2.62044e14	1.00	
-1.75	50.69	43.29	3.00	2.72555e15	0.00	2.72555e14	1.00	
4.99	59.88	43.36	3.00	3.0303e15	0.00	3.0303e14	1.00	
59.36	108.88	24.99	3.00	1.65678e15	0.00	1.65678e14	1.00	
18.16	30.57	45.77	3.00	2.44919e15	0.00	2.44919e14	1.00	
-173.25	1.09	-46.77	3.00	1.42607e15	0.00	1.42607e14	1.00	
25.97	51.69	47.84	3.00	2.78332e15	0.00	2.78332e14	1.00	
21.50	41.21	44.89	3.00	2.35314e15	0.00	2.35314e14	1.00	
11.88	35.10	44.22	3.00	2.31945e15	0.00	2.31945e14	1.00	
1.16	21.04	47.75	3.00	1.7107e15	0.00	1.7107e14	1.00	
12.52	62.46	54.49	3.00	2.93266e15	0.00	2.93266e14	1.00	
13.49	42.69	49.62	3.00	2.75933e15	0.00	2.75933e14	1.00	
108.73	64.68	33.59	3.00	2.38054e15	0.00	2.38054e14	1.00	
-8.66	82.77	10.05	3.00	1.71998e15	0.00	1.71998e14	1.00	
43.77	73.81	77.11	3.00	1.66363e15	0.00	1.66363e14	1.00	
85.70	67.35	33.03	3.00	2.15869e15	0.00	2.15869e14	1.00	
104.38	63.41	45.25	3.00	2.08926e15	0.00	2.08926e14	1.00	
50.34	67.92	59.04	3.00	2.59329e15	0.00	2.59329e14	1.00	
22.69	41.73	42.57	3.00	2.76817e15	0.00	2.76817e14	1.00	
20.61	9.27	18.55	3.00	1.56974e15	0.00	1.56974e14	1.00	
-99.18	3.61	162.60	3.00	1.61497e15	0.00	1.61497e14	1.00	
48.52	37.16	60.31	3.00	2.24044e15	0.00	2.24044e14	1.00	
52.21	68.57	65.21	3.00	2.26305e15	0.00	2.26305e14	1.00	
19.15	50.49	60.09	3.00	2.55901e15	0.00	2.55901e14	1.00	
51.14	78.09	73.68	3.00	1.79654e15	0.00	1.79654e14	1.00	
-3.45	12.30	149.65	3.00	1.81428e15	0.00	1.81428e14	1.00	
62.26	64.28	53.66	3.00	2.43453e15	0.00	2.43453e14	1.00	
26.77	58.47	49.72	3.00	2.89276e15	0.00	2.89276e14	1.00	
28.89	50.55	67.78	3.00	1.64565e15	0.00	1.64565e14	1.00	
28.96	67.82	71.23	3.00	1.53104e15	0.00	1.53104e14	1.00	
50.99	65.69	69.56	3.00	2.24391e15	0.00	2.24391e14	1.00	
-0.28	49.33	35.59	3.00	2.35923e15	0.00	2.35923e14	1.00	
48.67	46.75	54.10	3.00	2.79514e15	0.00	2.79514e14	1.00	
1.21	24.10	41.08	3.00	1.82202e15	0.00	1.82202e14	1.00	
28.85	57.01	46.46	3.00	2.80943e15	0.00	2.80943e14	1.00	
63.32	62.77	53.13	3.00	2.17211e15	0.00	2.17211e14	1.00	
68.13	56.46	57.41	3.00	2.67133e15	0.00	2.67133e14	1.00	
53.94	76.47	72.73	3.00	1.77518e15	0.00	1.77518e14	1.00	
58.68	74.73	78.56	3.00	1.59211e15	0.00	1.59211e14	1.00	
62.29	65.95	59.94	3.00	2.24666e15	0.00	2.24666e14	1.00	
117.82	56.95	35.34	3.00	2.85823e15	0.00	2.85823e14	1.00	
45.32	69.28	66.63	3.00	2.36471e15	0.00	2.36471e14	1.00	
19.01	58.27	16.88	3.00	2.37025e15	0.00	2.37025e14	1.00	
165.10	18.58	-33.53	3.00	1.70765e15	0.00	1.70765e14	1.00	
70.32	70.72	53.35	3.00	2.3393e15	0.00	2.3393e14	1.00	
27.64	4.56	100.79	3.00	1.42885e15	0.00	1.42885e14	1.00	
62.53	45.92	36.10	3.00	3.27837e15	0.00	3.27837e14	1.00	
-166.85	10.39	-50.75	3.00	1.42208e15	0.00	1.42208e14	1.00	
-53.97	4.06	-174.61	3.00	1.44429e15	0.00	1.44429e14	1.00	
29.88	50.95	46.48	3.00	2.83838e15	0.00	2.83838e14	1.00	
46.61	4.94	-3.36	3.00	1.44851e15	0.00	1.44851e14	1.00	
90.42	62.52	41.72	3.00	2.55524e15	0.00	2.55524e14	1.00	
7.38	47.62	44.94	3.00	2.76748e15	0.00	2.76748e14	1.00	
25.77	16.02	114.91	3.00	1.92821e15	0.00	1.92821e14	1.00	
41.91	70.40	74.58	3.00	1.7511e15	0.00	1.7511e14	1.00	
18.95	23.58	25.01	3.00	1.74082e15	0.00	1.74082e14	1.00	
16.28	46.94	34.37	3.00	2.83783e15	0.00	2.83783e14	1.00	
37.44	90.88	1.23	3.00	1.46262e15	0.00	1.46262e14	1.00	
17.46	86.14	-4.35	3.00	1.68457e15	0.00	1.68457e14	1.00	
32.72	55.19	63.51	3.00	1.69781e15	0.00	1.69781e14	1.00	
7.56	46.00	44.00	3.00	2.59248e15	0.00	2.59248e14	1.00	
45.72	55.04	52.34	3.00	2.58464e15	0.00	2.58464e14	1.00	
45.84	70.17	61.96	3.00	2.55889e15	0.00	2.55889e14	1.00	
70.14	56.35	36.77	3.00	3.47039e15	0.00	3.47039e14	1.00	
12.85	10.84	37.24	3.00	1.48888e15	0.00	1.48888e14	1.00	
57.46	63.51	59.27	3.00	2.65697e15	0.00	2.65697e14	1.00	
107.16	71.61	18.83	3.00	2.01012e15	0.00	2.01012e14	1.00	
35.90	51.00	50.33	3.00	2.93605e15	0.00	2.93605e14	1.00	
60.34	62.56	49.56	3.00	2.95499e15	0.00	2.95499e14	1.00	
85.62	51.17	96.77	3.00	3.67061e15	0.00	3.67061e14	1.00	
67.89	72.21	68.36	3.00	1.89316e15	0.00	1.89316e14	1.00	
1.62	36.58	48.03	3.00	2.57274e15	0.00	2.57274e14	1.00	
23.81	24.54	58.20	3.00	1.74147e15	0.00	1.74147e14	1.00	
41.44	88.55	87.56	3.00	1.54133e15	0.00	1.54133e14	1.00	
148.02	58.10	17.36	3.00	1.84428e15	0.00	1.84428e14	1.00	
78.61	92.78	18.69	3.00	1.67579e15	0.00	1.67579e14	1.00	
102.03	61.20	30.01	3.00	2.48464e15	0.00	2.48464e14	1.00	
36.27	74.13	-3.98	3.00	1.43188e15	0.00	1.43188e14	1.00	
75.88	63.31	45.95	3.00	2.54263e15	0.00	2.54263e14	1.00	
51.31	64.68	56.82	3.00	2.28821e15	0.00	2.28821e14	1.00	
12.06	91.17	-4.33	3.00	1.7206e15	0.00	1.7206e14	1.00	
49.11	68.55	73.14	3.00	2.08438e15	0.00	2.08438e14	1.00	
48.97	88.98	-0.05	3.00	1.42758e15	0.00	1.42758e14	1.00	
29.00	37.55	51.72	3.00	2.1613e15	0.00	2.1613e14	1.00	
140.24	17.06	-16.99	3.00	1.98378e15	0.00	1.98378e14	1.00	
21.44	62.78	53.00	3.00	2.92788e15	0.00	2.92788e14	1.00	
-18.32	14.36	52.87	3.00	1.46661e15	0.00	1.46661e14	1.00	
44.75	72.58	70.46	3.00	1.95997e15	0.00	1.95997e14	1.00	
58.98	53.86	37.82	3.00	3.14415e15	0.00	3.14415e14	1.00	
104.21	44.83	63.37	3.00	3.61895e15	0.00	3.61895e14	1.00	
85.26	62.15	54.94	3.00	2.55949e15	0.00	2.55949e14	1.00	
11.48	25.23	56.64	3.00	1.71029e15	0.00	1.71029e14	1.00	
58.91	78.72	72.62	3.00	1.54675e15	0.00	1.54675e14	1.00	
113.16	57.75	36.51	3.00	2.6303e15	0.00	2.6303e14	1.00	
43.28	37.45	69.52	3.00	2.06347e15	0.00	2.06347e14	1.00	
51.97	58.66	65.81	3.00	2.56912e15	0.00	2.56912e14	1.00	
104.37	60.27	42.14	3.00	2.46298e15	0.00	2.46298e14	1.00	
83.22	47.13	-19.30	3.00	3.12819e15	0.00	3.12819e14	1.00	
76.92	65.85	57.22	3.00	2.1857e15	0.00	2.1857e14	1.00	
111.79	62.55	39.59	3.00	2.73061e15	0.00	2.73061e14	1.00	
28.66	55.59	61.66	3.00	2.71349e15	0.00	2.71349e14	1.00	
-30.98	3.39	74.53	3.00	1.57628e15	0.00	1.57628e14	1.00	
140.92	50.71	41.15	3.00	2.41528e15	0.00	2.41528e14	1.00	
6.68	61.44	54.62	3.00	3.00241e15	0.00	3.00241e14	1.00	
41.77	87.01	88.99	3.00	1.64719e15	0.00	1.64719e14	1.00	
119.89	52.28	44.99	3.00	3.33571e15	0.00	3.33571e14	1.00	
42.05	80.60	80.41	3.00	1.56779e15	0.00	1.56779e14	1.00	
19.15	80.78	-16.25	3.00	1.67266e15	0.00	1.67266e14	1.00	
123.12	69.59	23.92	3.00	2.30015e15	0.00	2.30015e14	1.00	
68.41	85.20	1.53	3.00	1.62823e15	0.00	1.62823e14	1.00	
140.69	54.20	32.36	3.00	1.97886e15	0.00	1.97886e14	1.00	
49.66	77.05	73.25	3.00	1.7156e15	0.00	1.7156e14	1.00	
48.77	75.65	72.74	3.00	1.69012e15	0.00	1.69012e14	1.00	
84.66	37.63	12.57	3.00	3.6229e15	0.00	3.6229e14	1.00	
23.92	26.60	56.71	3.00	2.08373e15	0.00	2.08373e14	1.00	
160.47	17.64	-38.69	3.00	1.99105e15	0.00	1.99105e14	1.00	
17.29	56.90	7.24	3.00	1.92776e15	0.00	1.92776e14	1.00	
10.16	34.17	44.84	3.00	2.28623e15	0.00	2.28623e14	1.00	
76.61	67.80	57.65	3.00	2.4129e15	0.00	2.4129e14	1.00	
45.96	40.76	45.35	3.00	3.15899e15	0.00	3.15899e14	1.00	
-12.86	18.42	46.20	3.00	1.51497e15	0.00	1.51497e14	1.00	
102.54	63.71	39.22	3.00	2.09532e15	0.00	2.09532e14	1.00	
121.57	78.24	21.38	3.00	2.0851e15	0.00	2.0851e14	1.00	
142.40	57.87	17.53	3.00	2.14007e15	0.00	2.14007e14	1.00	
-124.72	4.40	-123.10	3.00	1.6538e15	0.00	1.6538e14	1.00	
26.99	13.52	26.87	3.00	1.71589e15	0.00	1.71589e14	1.00	
39.50	71.30	78.01	3.00	1.75088e15	0.00	1.75088e14	1.00	
27.90	52.64	48.75	3.00	2.8978e15	0.00	2.8978e14	1.00	
34.06	96.22	0.99	3.00	1.51097e15	0.00	1.51097e14	1.00	
123.90	14.56	52.68	3.00	1.79328e15	0.00	1.79328e14	1.00	
59.31	52.38	49.68	3.00	2.79777e15	0.00	2.79777e14	1.00	
66.53	76.99	83.94	3.00	1.61813e15	0.00	1.61813e14	1.00	
32.36	89.47	2.01	3.00	1.57524e15	0.00	1.57524e14	1.00	
146.00	53.04	18.59	3.00	1.95784e15	0.00	1.95784e14	1.00	
109.62	57.90	42.98	3.00	2.94074e15	0.00	2.94074e14	1.00	
43.45	86.54	1.53	3.00	1.42974e15	0.00	1.42974e14	1.00	
50.59	63.42	68.42	3.00	2.04136e15	0.00	2.04136e14	1.00	
-9.12	36.09	38.93	3.00	1.82955e15	0.00	1.82955e14	1.00	
101.30	58.46	45.09	3.00	2.90113e15	0.00	2.90113e14	1.00	
138.02	80.63	6.42	3.00	1.56992e15	0.00	1.56992e14	1.00	
55.17	54.97	57.45	3.00	3.07204e15	0.00	3.07204e14	1.00	
68.86	84.85	47.63	3.00	1.83221e15	0.00	1.83221e14	1.00	
122.53	66.16	26.84	3.00	2.48227e15	0.00	2.48227e14	1.00	
22.42	7.33	111.23	3.00	1.42492e15	0.00	1.42492e14	1.00	
51.44	73.01	74.56	3.00	1.69822e15	0.00	1.69822e14	1.00	
152.66	73.67	11.95	3.00	1.46312e15	0.00	1.46312e14	1.00	
-167.26	16.58	-53.81	3.00	1.47882e15	0.00	1.47882e14	1.00	
87.75	63.72	34.14	3.00	2.80643e15	0.00	2.80643e14	1.00	
4.73	38.00	42.51	3.00	2.70939e15	0.00	2.70939e14	1.00	
55.63	63.41	68.97	3.00	2.15316e15	0.00	2.15316e14	1.00	
56.24	64.23	60.05	3.00	2.57729e15	0.00	2.57729e14	1.00	
34.65	68.48	63.11	3.00	2.23751e15	0.00	2.23751e14	1.00	
73.11	58.93	52.31	3.00	2.81055e15	0.00	2.81055e14	1.00	
7.52	22.99	50.01	3.00	1.58125e15	0.00	1.58125e14	1.00	
171.48	12.58	-30.62	3.00	1.4396e15	0.00	1.4396e14	1.00	
35.45	47.12	59.49	3.00	2.69691e15	0.00	2.69691e14	1.00	
65.19	53.17	46.83	3.00	2.92767e15	0.00	2.92767e14	1.00	
89.02	68.31	50.01	3.00	2.00712e15	0.00	2.00712e14	1.00	
14.47	47.57	61.48	3.00	2.73805e15	0.00	2.73805e14	1.00	
35.13	15.38	15.89	3.00	1.76163e15	0.00	1.76163e14	1.00	
45.89	62.63	66.67	3.00	2.39103e15	0.00	2.39103e14	1.00	
114.01	60.29	30.57	3.00	2.75848e15	0.00	2.75848e14	1.00	
39.51	79.77	82.94	3.00	1.58638e15	0.00	1.58638e14	1.00	
86.24	66.47	51.05	3.00	2.11769e15	0.00	2.11769e14	1.00	
24.29	60.96	65.31	3.00	2.32811e15	0.00	2.32811e14	1.00	
27.53	24.53	46.58	3.00	2.46973e15	0.00	2.46973e14	1.00	
-0.69	37.56	32.17	3.00	2.16513e15	0.00	2.16513e14	1.00	
14.05	9.44	26.57	3.00	1.54754e15	0.00	1.54754e14	1.00	
34.87	53.71	51.91	3.00	2.90102e15	0.00	2.90102e14	1.00	
142.53	57.80	25.09	3.00	2.059e15	0.00	2.059e14	1.00	
52.70	54.52	55.77	3.00	2.82091e15	0.00	2.82091e14	1.00	
-0.70	18.25	51.32	3.00	1.65992e15	0.00	1.65992e14	1.00	
53.80	60.77	59.50	3.00	2.89232e15	0.00	2.89232e14	1.00	
49.42	73.08	70.84	3.00	1.88307e15	0.00	1.88307e14	1.00	
107.94	0.37	0.00	3.00	1.69556e15	0.00	1.69556e14	1.00	
41.52	62.97	65.59	3.00	2.42277e15	0.00	2.42277e14	1.00	
63.04	67.57	56.02	3.00	2.43582e15	0.00	2.43582e14	1.00	
-174.85	17.08	-40.83	3.00	1.5162e15	0.00	1.5162e14	1.00	
65.18	69.58	54.79	3.00	1.96191e15	0.00	1.96191e14	1.00	
127.05	57.03	30.20	3.00	2.7933e15	0.00	2.7933e14	1.00	
52.80	79.57	80.80	3.00	1.64169e15	0.00	1.64169e14	1.00	
38.42	14.33	27.52	3.00	1.96899e15	0.00	1.96899e14	1.00	
64.09	53.12	-9.59	3.00	2.9654e15	0.00	2.9654e14	1.00	
139.90	76.73	14.30	3.00	1.5334e15	0.00	1.5334e14	1.00	
36.85	77.66	79.72	3.00	1.58945e15	0.00	1.58945e14	1.00	
54.03	67.49	64.93	3.00	2.56815e15	0.00	2.56815e14	1.00	
49.03	66.88	59.67	3.00	2.32157e15	0.00	2.32157e14	1.00	
50.31	34.00	104.66	3.00	2.69644e15	0.00	2.69644e14	1.00	
86.48	62.02	53.23	3.00	2.27356e15	0.00	2.27356e14	1.00	
57.89	58.32	51.65	3.00	2.8712e15	0.00	2.8712e14	1.00	
117.22	68.89	21.26	3.00	1.80987e15	0.00	1.80987e14	1.00	
92.68	65.99	53.76	3.00	2.07984e15	0.00	2.07984e14	1.00	
16.76	42.67	46.26	3.00	2.62833e15	0.00	2.62833e14	1.00	
30.44	51.37	53.71	3.00	2.66622e15	0.00	2.66622e14	1.00	
-12.06	52.85	32.39	3.00	2.2232e15	0.00	2.2232e14	1.00	
-154.62	7.07	-72.48	3.00	1.4767e15	0.00	1.4767e14	1.00	
87.87	60.27	35.28	3.00	2.75011e15	0.00	2.75011e14	1.00	
71.22	66.52	57.70	3.00	2.35698e15	0.00	2.35698e14	1.00	
107.11	54.26	44.35	3.00	2.93516e15	0.00	2.93516e14	1.00	
76.27	51.16	21.30	3.00	3.64471e15	0.00	3.64471e14	1.00	
147.57	68.93	13.75	3.00	1.45372e15	0.00	1.45372e14	1.00	
130.02	61.50	24.54	3.00	2.35275e15	0.00	2.35275e14	1.00	
1.89	47.72	35.60	3.00	2.78054e15	0.00	2.78054e14	1.00	
0.22	34.71	41.18	3.00	2.36525e15	0.00	2.36525e14	1.00	
25.72	50.37	71.01	3.00	1.71115e15	0.00	1.71115e14	1.00	
78.94	68.73	66.88	3.00	2.17733e15	0.00	2.17733e14	1.00	
32.83	54.56	43.15	3.00	2.88887e15	0.00	2.88887e14	1.00	
-2.90	52.80	42.57	3.00	3.1863e15	0.00	3.1863e14	1.00	
-177.39	11.46	-44.70	3.00	1.43737e15	0.00	1.43737e14	1.00	
19.19	42.54	66.02	3.00	1.94367e15	0.00	1.94367e14	1.00	
86.09	37.77	78.98	3.00	3.2731e15	0.00	3.2731e14	1.00	
61.65	22.74	28.54	3.00	2.55094e15	0.00	2.55094e14	1.00	
57.23	62.31	53.96	3.00	2.67914e15	0.00	2.67914e14	1.00	
73.19	70.75	71.89	3.00	2.38534e15	0.00	2.38534e14	1.00	
73.16	79.33	64.94	3.00	1.54911e15	0.00	1.54911e14	1.00	
46.09	50.55	54.60	3.00	2.94331e15	0.00	2.94331e14	1.00	
106.87	64.05	35.45	3.00	2.57708e15	0.00	2.57708e14	1.00	
17.37	38.61	48.85	3.00	2.71862e15	0.00	2.71862e14	1.00	
53.30	90.84	2.09	3.00	1.44328e15	0.00	1.44328e14	1.00	
7.86	11.28	45.10	3.00	1.53312e15	0.00	1.53312e14	1.00	
126.55	27.10	15.42	3.00	2.47645e15	0.00	2.47645e14	1.00	
-178.46	23.81	-36.75	3.00	1.5272e15	0.00	1.5272e14	1.00	
89.62	75.21	35.71	3.00	1.59117e15	0.00	1.59117e14	1.00	
89.36	62.33	40.80	3.00	2.37043e15	0.00	2.37043e14	1.00	
48.31	3.59	69.60	3.00	1.51122e15	0.00	1.51122e14	1.00	
78.49	65.51	60.86	3.00	2.66593e15	0.00	2.66593e14	1.00	
41.55	69.10	63.32	3.00	2.33894e15	0.00	2.33894e14	1.00	
-8.93	18.73	49.31	3.00	1.56973e15	0.00	1.56973e14	1.00	
44.08	56.31	59.84	3.00	2.62324e15	0.00	2.62324e14	1.00	
31.16	65.57	71.15	3.00	1.65539e15	0.00	1.65539e14	1.00	
78.15	98.29	-0.40	3.00	1.76374e15	0.00	1.76374e14	1.00	
77.93	64.06	56.48	3.00	1.72603e15	0.00	1.72603e14	1.00	
78.83	56.42	40.41	3.00	2.62971e15	0.00	2.62971e14	1.00	
52.51	72.80	64.74	3.00	1.72759e15	0.00	1.72759e14	1.00	
17.90	80.70	68.46	3.00	2.30242e15	0.00	2.30242e14	1.00	
114.26	2.43	24.45	3.00	1.38138e15	0.00	1.38138e14	1.00	
41.73	75.41	65.73	3.00	1.87176e15	0.00	1.87176e14	1.00	
-16.24	14.57	157.50	3.00	1.52778e15	0.00	1.52778e14	1.00	
53.73	71.57	74.70	3.00	2.07557e15	0.00	2.07557e14	1.00	
9.12	57.35	52.21	3.00	3.04886e15	0.00	3.04886e14	1.00	
53.29	67.66	59.89	3.00	2.53426e15	0.00	2.53426e14	1.00	
11.85	39.95	51.36	3.00	2.31318e15	0.00	2.31318e14	1.00	
-12.87	17.54	63.02	3.00	1.67441e15	0.00	1.67441e14	1.00	
119.56	65.93	24.44	3.00	2.48227e15	0.00	2.48227e14	1.00	
16.01	34.74	25.82	3.00	2.38211e15	0.00	2.38211e14	1.00	
46.86	78.16	76.92	3.00	1.56171e15	0.00	1.56171e14	1.00	
105.90	57.82	42.58	3.00	2.89228e15	0.00	2.89228e14	1.00	
109.40	76.41	27.09	3.00	1.81896e15	0.00	1.81896e14	1.00	
64.92	56.71	48.68	3.00	2.92884e15	0.00	2.92884e14	1.00	
67.90	71.96	60.84	3.00	1.93642e15	0.00	1.93642e14	1.00	
17.60	54.16	43.76	3.00	2.87149e15	0.00	2.87149e14	1.00	
54.79	64.84	70.40	3.00	2.22674e15	0.00	2.22674e14	1.00	
113.67	25.08	-15.68	3.00	2.59905e15	0.00	2.59905e14	1.00	
35.15	75.78	72.31	3.00	1.71504e15	0.00	1.71504e14	1.00	
46.58	79.23	87.12	3.00	1.43767e15	0.00	1.43767e14	1.00	
147.46	46.57	-7.22	3.00	2.48338e15	0.00	2.48338e14	1.00	
57.16	51.72	47.82	3.00	3.01819e15	0.00	3.01819e14	1.00	
38.65	64.48	68.01	3.00	1.93897e15	0.00	1.93897e14	1.00	
95.55	54.94	54.41	3.00	2.92086e15	0.00	2.92086e14	1.00	
71.39	64.92	51.33	3.00	2.69843e15	0.00	2.69843e14	1.00	
-11.38	8.54	146.01	3.00	1.41408e15	0.00	1.41408e14	1.00	
22.82	62.22	77.99	3.00	1.44503e15	0.00	1.44503e14	1.00	
97.86	53.39	36.97	3.00	2.80958e15	0.00	2.80958e14	1.00	
36.31	53.03	64.05	3.00	2.00305e15	0.00	2.00305e14	1.00	
-8.82	25.66	51.05	3.00	1.99445e15	0.00	1.99445e14	1.00	
44.77	100.93	10.50	3.00	1.47449e15	0.00	1.47449e14	1.00	
45.79	66.09	66.11	3.00	2.51828e15	0.00	2.51828e14	1.00	
126.21	50.70	34.95	3.00	2.91129e15	0.00	2.91129e14	1.00	
44.15	74.99	75.86	3.00	1.9545e15	0.00	1.9545e14	1.00	
95.21	62.00	38.77	3.00	2.67968e15	0.00	2.67968e14	1.00	
17.12	18.48	34.82	3.00	1.62567e15	0.00	1.62567e14	1.00	
65.09	61.06	61.57	3.00	2.77616e15	0.00	2.77616e14	1.00	
50.42	29.12	37.81	3.00	2.31152e15	0.00	2.31152e14	1.00	
22.68	2.86	20.24	3.00	1.42805e15	0.00	1.42805e14	1.00	
79.18	66.57	49.16	3.00	2.32846e15	0.00	2.32846e14	1.00	
22.29	68.98	67.83	3.00	1.88522e15	0.00	1.88522e14	1.00	
81.23	54.52	33.78	3.00	3.00152e15	0.00	3.00152e14	1.00	
-29.58	9.97	75.10	3.00	1.49458e15	0.00	1.49458e14	1.00	
2.45	50.52	47.13	3.00	2.94601e15	0.00	2.94601e14	1.00	
92.49	63.34	44.85	3.00	2.28374e15	0.00	2.28374e14	1.00	
92.81	75.92	43.31	3.00	1.46516e15	0.00	1.46516e14	1.00	
49.04	15.12	25.58	3.00	1.7388e15	0.00	1.7388e14	1.00	
91.44	64.00	40.68	3.00	2.59183e15	0.00	2.59183e14	1.00	
62.39	65.46	50.64	3.00	2.32428e15	0.00	2.32428e14	1.00	
17.65	46.27	57.25	3.00	1.86362e15	0.00	1.86362e14	1.00	
64.93	91.28	-1.49	3.00	1.77987e15	0.00	1.77987e14	1.00	
39.70	91.55	91.13	3.00	1.61082e15	0.00	1.61082e14	1.00	
38.33	57.88	54.16	3.00	2.74832e15	0.00	2.74832e14	1.00	
48.69	79.68	71.48	3.00	1.74116e15	0.00	1.74116e14	1.00	
28.43	15.16	115.13	3.00	1.56888e15	0.00	1.56888e14	1.00	
1.50	43.74	40.82	3.00	2.53806e15	0.00	2.53806e14	1.00	
58.80	81.65	79.89	3.00	1.61082e15	0.00	1.61082e14	1.00	
82.03	74.48	48.16	3.00	1.99675e15	0.00	1.99675e14	1.00	
9.91	43.26	46.32	3.00	2.63661e15	0.00	2.63661e14	1.00	
59.15	66.42	64.52	3.00	2.10198e15	0.00	2.10198e14	1.00	
52.64	74.83	78.45	3.00	1.68542e15	0.00	1.68542e14	1.00	
42.03	84.18	-7.09	3.00	1.43717e15	0.00	1.43717e14	1.00	
18.55	19.38	55.52	3.00	2.30065e15	0.00	2.30065e14	1.00	
74.82	66.40	51.15	3.00	2.3273e15	0.00	2.3273e14	1.00	
5.71	32.67	43.14	3.00	2.65258e15	0.00	2.65258e14	1.00	
66.99	70.31	64.52	3.00	1.62399e15	0.00	1.62399e14	1.00	
102.89	55.94	48.16	3.00	2.96698e15	0.00	2.96698e14	1.00	
28.05	58.93	60.68	3.00	2.42791e15	0.00	2.42791e14	1.00	
108.14	65.88	30.33	3.00	2.22467e15	0.00	2.22467e14	1.00	
79.79	72.84	42.80	3.00	2.27434e15	0.00	2.27434e14	1.00	
-101.82	4.47	-120.30	3.00	1.40513e15	0.00	1.40513e14	1.00	
105.93	2.07	44.46	3.00	1.83046e15	0.00	1.83046e14	1.00	
84.81	57.79	46.85	3.00	2.70043e15	0.00	2.70043e14	1.00	
60.26	67.35	65.43	3.00	2.11944e15	0.00	2.11944e14	1.00	
103.51	61.52	39.31	3.00	2.93413e15	0.00	2.93413e14	1.00	
60.87	57.96	46.20	3.00	2.71508e15	0.00	2.71508e14	1.00	
88.25	70.52	58.43	3.00	2.43813e15	0.00	2.43813e14	1.00	
112.70	59.16	42.39	3.00	2.9813e15	0.00	2.9813e14	1.00	
95.09	60.81	41.70	3.00	2.65586e15	0.00	2.65586e14	1.00	
65.54	99.23	27.90	3.00	2.0317e15	0.00	2.0317e14	1.00	
102.94	61.79	44.03	3.00	2.68918e15	0.00	2.68918e14	1.00	
71.41	62.01	44.37	3.00	2.76451e15	0.00	2.76451e14	1.00	
53.78	85.69	-3.37	3.00	1.4426e15	0.00	1.4426e14	1.00	
12.26	12.01	74.99	3.00	1.71186e15	0.00	1.71186e14	1.00	
134.63	66.30	18.08	3.00	1.7239e15	0.00	1.7239e14	1.00	
36.88	40.63	114.15	3.00	2.70637e15	0.00	2.70637e14	1.00	
3.62	50.08	53.95	3.00	3.01813e15	0.00	3.01813e14	1.00	
78.05	58.19	25.85	3.00	2.72478e15	0.00	2.72478e14	1.00	
10.70	64.07	55.93	3.00	2.62401e15	0.00	2.62401e14	1.00	
74.59	93.63	5.19	3.00	1.63902e15	0.00	1.63902e14	1.00	
35.06	10.78	111.83	3.00	1.55828e15	0.00	1.55828e14	1.00	
71.38	62.55	44.17	3.00	2.53457e15	0.00	2.53457e14	1.00	
166.40	6.27	-18.73	3.00	1.73219e15	0.00	1.73219e14	1.00	
56.46	54.73	57.77	3.00	2.74931e15	0.00	2.74931e14	1.00	
64.95	2.09	70.31	3.00	1.39408e15	0.00	1.39408e14	1.00	
106.22	51.41	51.98	3.00	2.7971e15	0.00	2.7971e14	1.00	
70.71	63.25	46.72	3.00	2.39383e15	0.00	2.39383e14	1.00	
96.25	71.81	36.38	3.00	1.98518e15	0.00	1.98518e14	1.00	
-17.92	56.07	23.40	3.00	1.59666e15	0.00	1.59666e14	1.00	
60.62	56.15	52.00	3.00	2.89843e15	0.00	2.89843e14	1.00	
50.72	54.52	43.06	3.00	3.2065e15	0.00	3.2065e14	1.00	
42.01	76.39	78.92	3.00	1.50492e15	0.00	1.50492e14	1.00	
-1.27	9.15	53.83	3.00	1.46962e15	0.00	1.46962e14	1.00	
37.70	80.03	89.64	3.00	1.43171e15	0.00	1.43171e14	1.00	
44.98	82.68	27.91	3.00	2.5876e15	0.00	2.5876e14	1.00	
61.37	67.84	53.20	3.00	2.39162e15	0.00	2.39162e14	1.00	
33.53	67.11	69.71	3.00	1.94179e15	0.00	1.94179e14	1.00	
85.36	87.09	44.27	3.00	1.4229e15	0.00	1.4229e14	1.00	
38.24	5.33	54.17	3.00	2.14049e15	0.00	2.14049e14	1.00	
59.96	82.51	74.99	3.00	1.56397e15	0.00	1.56397e14	1.00	
81.68	40.46	89.21	3.00	3.47881e15	0.00	3.47881e14	1.00	
65.63	57.24	54.03	3.00	2.72331e15	0.00	2.72331e14	1.00	
44.55	57.37	59.49	3.00	2.32872e15	0.00	2.32872e14	1.00	
45.04	59.30	65.89	3.00	2.29344e15	0.00	2.29344e14	1.00	
3.16	50.60	35.73	3.00	2.43269e15	0.00	2.43269e14	1.00	
106.97	58.15	52.65	3.00	3.28104e15	0.00	3.28104e14	1.00	
58.66	55.01	46.96	3.00	2.96436e15	0.00	2.96436e14	1.00	
56.13	84.89	1.20	3.00	1.48579e15	0.00	1.48579e14	1.00	
15.65	14.25	51.67	3.00	1.76538e15	0.00	1.76538e14	1.00	
70.28	58.55	42.19	3.00	2.94647e15	0.00	2.94647e14	1.00	
54.61	44.60	39.27	3.00	3.16445e15	0.00	3.16445e14	1.00	
32.16	70.42	70.48	3.00	1.71585e15	0.00	1.71585e14	1.00	
82.94	69.71	15.70	3.00	2.0662e15	0.00	2.0662e14	1.00	
23.06	38.31	47.21	3.00	2.49623e15	0.00	2.49623e14	1.00	
30.50	46.68	59.07	3.00	2.32199e15	0.00	2.32199e14	1.00	
159.65	2.52	-20.16	3.00	1.3998e15	0.00	1.3998e14	1.00	
43.74	92.49	8.24	3.00	1.43819e15	0.00	1.43819e14	1.00	
34.13	47.39	56.85	3.00	2.56834e15	0.00	2.56834e14	1.00	
140.55	86.48	3.89	3.00	1.44926e15	0.00	1.44926e14	1.00	
3.62	37.56	52.07	3.00	2.40551e15	0.00	2.40551e14	1.00	
58.90	41.68	36.06	3.00	2.61738e15	0.00	2.61738e14	1.00	
24.56	49.40	46.43	3.00	2.79463e15	0.00	2.79463e14	1.00	
114.82	58.70	34.59	3.00	2.66969e15	0.00	2.66969e14	1.00	
144.89	86.08	4.10	3.00	1.46407e15	0.00	1.46407e14	1.00	
2.03	22.32	37.16	3.00	1.62682e15	0.00	1.62682e14	1.00	
43.57	61.35	69.92	3.00	2.46275e15	0.00	2.46275e14	1.00	
79.09	98.70	33.35	3.00	1.55677e15	0.00	1.55677e14	1.00	
72.61	58.74	56.78	3.00	2.5408e15	0.00	2.5408e14	1.00	
79.76	55.05	48.30	3.00	2.93685e15	0.00	2.93685e14	1.00	
14.11	9.60	60.24	3.00	1.63166e15	0.00	1.63166e14	1.00	
43.07	81.21	80.41	3.00	1.51781e15	0.00	1.51781e14	1.00	
91.60	64.79	15.23	3.00	3.16422e15	0.00	3.16422e14	1.00	
70.92	87.93	82.00	3.00	1.58462e15	0.00	1.58462e14	1.00	
82.52	34.70	8.77	3.00	3.53954e15	0.00	3.53954e14	1.00	
31.92	54.34	64.21	3.00	1.91819e15	0.00	1.91819e14	1.00	
20.68	9.13	101.13	3.00	1.41261e15	0.00	1.41261e14	1.00	
77.07	75.17	51.84	3.00	1.61745e15	0.00	1.61745e14	1.00	
54.74	53.92	43.33	3.00	2.70288e15	0.00	2.70288e14	1.00	
74.04	58.63	46.13	3.00	2.50543e15	0.00	2.50543e14	1.00	
43.61	77.23	78.63	3.00	1.58551e15	0.00	1.58551e14	1.00	
53.29	50.68	43.94	3.00	3.2877e15	0.00	3.2877e14	1.00	
81.88	69.61	47.87	3.00	1.48693e15	0.00	1.48693e14	1.00	
66.87	70.40	65.03	3.00	1.74145e15	0.00	1.74145e14	1.00	
6.44	45.19	49.28	3.00	2.89984e15	0.00	2.89984e14	1.00	
32.15	64.81	73.53	3.00	2.04918e15	0.00	2.04918e14	1.00	
86.78	60.80	41.59	3.00	2.53815e15	0.00	2.53815e14	1.00	
22.33	44.44	60.34	3.00	2.05277e15	0.00	2.05277e14	1.00	
53.08	76.30	74.37	3.00	1.84498e15	0.00	1.84498e14	1.00	
39.46	76.42	78.40	3.00	1.67104e15	0.00	1.67104e14	1.00	
129.85	68.56	21.30	3.00	2.42026e15	0.00	2.42026e14	1.00	
68.35	71.71	67.13	3.00	1.92994e15	0.00	1.92994e14	1.00	
133.50	78.44	17.41	3.00	1.73003e15	0.00	1.73003e14	1.00	
23.66	43.06	54.02	3.00	2.26647e15	0.00	2.26647e14	1.00	
99.47	66.96	55.88	3.00	2.8687e15	0.00	2.8687e14	1.00	
36.73	28.84	56.33	3.00	2.2953e15	0.00	2.2953e14	1.00	
79.26	73.92	49.61	3.00	1.50533e15	0.00	1.50533e14	1.00	
136.42	70.29	18.01	3.00	1.60698e15	0.00	1.60698e14	1.00	
74.79	58.04	39.30	3.00	2.61799e15	0.00	2.61799e14	1.00	
105.29	45.83	43.58	3.00	2.80994e15	0.00	2.80994e14	1.00	
7.81	66.67	61.16	3.00	3.08131e15	0.00	3.08131e14	1.00	
59.34	72.21	55.73	3.00	2.3905e15	0.00	2.3905e14	1.00	
66.94	68.06	50.91	3.00	2.50156e15	0.00	2.50156e14	1.00	
49.75	52.26	51.61	3.00	3.1026e15	0.00	3.1026e14	1.00	
36.34	70.20	73.84	3.00	1.80203e15	0.00	1.80203e14	1.00	
-12.83	16.81	49.05	3.00	1.53487e15	0.00	1.53487e14	1.00	
100.75	65.09	34.65	3.00	2.11253e15	0.00	2.11253e14	1.00	
94.15	82.88	57.38	3.00	1.58458e15	0.00	1.58458e14	1.00	
98.07	57.95	54.61	3.00	2.68613e15	0.00	2.68613e14	1.00	
33.14	87.67	89.66	3.00	1.46727e15	0.00	1.46727e14	1.00	
0.16	39.48	34.07	3.00	2.20565e15	0.00	2.20565e14	1.00	
26.85	41.67	50.65	3.00	2.23208e15	0.00	2.23208e14	1.00	
47.35	65.73	58.98	3.00	2.55092e15	0.00	2.55092e14	1.00	
66.51	54.59	52.04	3.00	2.83846e15	0.00	2.83846e14	1.00	
-4.78	62.03	31.56	3.00	2.36173e15	0.00	2.36173e14	1.00	
58.74	74.05	78.79	3.00	1.96844e15	0.00	1.96844e14	1.00	
80.59	88.85	32.60	3.00	1.58012e15	0.00	1.58012e14	1.00	
11.33	43.08	53.27	3.00	2.32294e15	0.00	2.32294e14	1.00	
127.79	72.63	19.36	3.00	1.69301e15	0.00	1.69301e14	1.00	
28.80	36.29	34.15	3.00	2.32249e15	0.00	2.32249e14	1.00	
67.27	2.41	76.65	3.00	1.43091e15	0.00	1.43091e14	1.00	
1.30	26.09	51.50	3.00	2.12089e15	0.00	2.12089e14	1.00	
45.07	77.69	74.70	3.00	1.72307e15	0.00	1.72307e14	1.00	
56.41	74.40	64.33	3.00	1.94038e15	0.00	1.94038e14	1.00	
4.22	69.33	71.52	3.00	1.91849e15	0.00	1.91849e14	1.00	
90.88	65.82	53.69	3.00	2.42232e15	0.00	2.42232e14	1.00	
45.63	88.00	-0.60	3.00	1.42328e15	0.00	1.42328e14	1.00	
31.76	42.38	40.33	3.00	2.67408e15	0.00	2.67408e14	1.00	
42.22	76.38	76.03	3.00	1.77536e15	0.00	1.77536e14	1.00	
47.37	83.76	79.09	3.00	1.55455e15	0.00	1.55455e14	1.00	
76.61	71.08	59.38	3.00	1.56294e15	0.00	1.56294e14	1.00	
54.03	59.66	53.44	3.00	2.81068e15	0.00	2.81068e14	1.00	
126.84	78.85	14.90	3.00	1.62253e15	0.00	1.62253e14	1.00	
175.17	13.32	-39.98	3.00	1.44636e15	0.00	1.44636e14	1.00	
133.04	56.68	30.37	3.00	2.73217e15	0.00	2.73217e14	1.00	
-5.86	67.83	27.17	3.00	2.49448e15	0.00	2.49448e14	1.00	
108.82	54.64	51.82	3.00	2.89712e15	0.00	2.89712e14	1.00	
111.91	58.27	34.59	3.00	2.56789e15	0.00	2.56789e14	1.00	
111.51	19.72	-6.55	3.00	2.62149e15	0.00	2.62149e14	1.00	
25.08	77.32	-6.91	3.00	1.53522e15	0.00	1.53522e14	1.00	
46.13	63.00	66.09	3.00	2.6441e15	0.00	2.6441e14	1.00	
178.82	10.04	-47.79	3.00	1.62088e15	0.00	1.62088e14	1.00	
148.81	63.21	20.87	3.00	2.15051e15	0.00	2.15051e14	1.00	
6.47	37.45	52.19	3.00	2.18108e15	0.00	2.18108e14	1.00	
-2.15	30.10	54.54	3.00	1.96038e15	0.00	1.96038e14	1.00	
123.80	57.25	33.05	3.00	2.83624e15	0.00	2.83624e14	1.00	
5.52	60.71	50.13	3.00	3.09851e15	0.00	3.09851e14	1.00	
104.80	64.19	24.93	3.00	2.40291e15	0.00	2.40291e14	1.00	
-7.70	59.00	41.54	3.00	2.73088e15	0.00	2.73088e14	1.00	
117.57	54.13	47.53	3.00	2.98681e15	0.00	2.98681e14	1.00	
58.26	73.95	70.04	3.00	2.00663e15	0.00	2.00663e14	1.00	
130.32	81.08	4.89	3.00	1.58245e15	0.00	1.58245e14	1.00	
80.70	67.01	53.37	3.00	2.4622e15	0.00	2.4622e14	1.00	
44.38	6.48	24.73	3.00	2.03254e15	0.00	2.03254e14	1.00	
5.43	11.70	45.55	3.00	1.6185e15	0.00	1.6185e14	1.00	
32.56	37.99	34.84	3.00	2.63974e15	0.00	2.63974e14	1.00	
26.23	71.45	85.01	3.00	1.5902e15	0.00	1.5902e14	1.00	
90.07	60.93	37.63	3.00	2.13394e15	0.00	2.13394e14	1.00	
-11.54	31.68	45.80	3.00	2.08343e15	0.00	2.08343e14	1.00	
23.37	44.64	46.93	3.00	2.43668e15	0.00	2.43668e14	1.00	
75.66	62.30	43.50	3.00	1.81179e15	0.00	1.81179e14	1.00	
17.89	20.72	23.29	3.00	1.64374e15	0.00	1.64374e14	1.00	
64.15	78.26	77.36	3.00	1.55589e15	0.00	1.55589e14	1.00	
24.86	68.88	66.32	3.00	2.34947e15	0.00	2.34947e14	1.00	
34.68	35.59	50.66	3.00	2.69279e15	0.00	2.69279e14	1.00	
-12.33	45.28	38.61	3.00	2.00547e15	0.00	2.00547e14	1.00	
135.53	31.23	16.09	3.00	2.2579e15	0.00	2.2579e14	1.00	
84.46	71.55	42.74	3.00	2.17413e15	0.00	2.17413e14	1.00	
103.64	71.08	27.10	3.00	2.19447e15	0.00	2.19447e14	1.00	
55.52	75.95	71.61	3.00	1.48743e15	0.00	1.48743e14	1.00	
47.75	79.96	81.46	3.00	1.60428e15	0.00	1.60428e14	1.00	
94.81	69.20	35.53	3.00	2.42568e15	0.00	2.42568e14	1.00	
2.60	43.39	43.65	3.00	2.58791e15	0.00	2.58791e14	1.00	
11.56	40.45	38.90	3.00	2.76277e15	0.00	2.76277e14	1.00	
7.47	49.20	56.25	3.00	2.91376e15	0.00	2.91376e14	1.00	
93.02	67.98	34.14	3.00	2.05128e15	0.00	2.05128e14	1.00	
101.34	66.90	45.14	3.00	2.73022e15	0.00	2.73022e14	1.00	
22.08	16.74	25.60	3.00	1.63111e15	0.00	1.63111e14	1.00	
2.90	13.22	97.14	3.00	1.6824e15	0.00	1.6824e14	1.00	
119.82	66.81	21.75	3.00	2.02389e15	0.00	2.02389e14	1.00	
0.36	35.71	50.73	3.00	2.3928e15	0.00	2.3928e14	1.00	
29.51	54.56	51.23	3.00	2.79363e15	0.00	2.79363e14	1.00	
95.10	60.46	55.05	3.00	2.72406e15	0.00	2.72406e14	1.00	
30.69	89.07	0.54	3.00	1.51963e15	0.00	1.51963e14	1.00	
2.25	59.95	48.58	3.00	3.17143e15	0.00	3.17143e14	1.00	
77.26	63.80	50.99	3.00	2.72821e15	0.00	2.72821e14	1.00	
125.57	68.34	25.90	3.00	2.47979e15	0.00	2.47979e14	1.00	
44.75	80.23	81.68	3.00	1.65851e15	0.00	1.65851e14	1.00	
0.77	29.73	47.09	3.00	2.45357e15	0.00	2.45357e14	1.00	
62.65	68.57	71.43	3.00	2.43995e15	0.00	2.43995e14	1.00	
103.20	72.23	16.61	3.00	2.5036e15	0.00	2.5036e14	1.00	
-16.97	49.03	25.62	3.00	1.47631e15	0.00	1.47631e14	1.00	
71.11	62.89	55.80	3.00	2.63232e15	0.00	2.63232e14	1.00	
53.56	79.59	76.31	3.00	1.51689e15	0.00	1.51689e14	1.00	
56.06	86.45	22.85	3.00	2.17185e15	0.00	2.17185e14	1.00	
87.99	53.57	35.03	3.00	2.87939e15	0.00	2.87939e14	1.00	
22.92	82.04	-8.54	3.00	1.61787e15	0.00	1.61787e14	1.00	
130.76	79.54	16.20	3.00	1.56513e15	0.00	1.56513e14	1.00	
40.63	73.27	70.41	3.00	1.93669e15	0.00	1.93669e14	1.00	
47.21	53.42	50.12	3.00	2.91811e15	0.00	2.91811e14	1.00	
42.69	80.55	-16.49	3.00	1.51311e15	0.00	1.51311e14	1.00	
156.16	9.45	-30.73	3.00	1.48961e15	0.00	1.48961e14	1.00	
7.49	35.19	60.93	3.00	2.10212e15	0.00	2.10212e14	1.00	
107.28	63.89	53.84	3.00	3.20986e15	0.00	3.20986e14	1.00	
54.80	88.49	-6.98	3.00	1.56288e15	0.00	1.56288e14	1.00	
65.45	53.82	34.87	3.00	3.20384e15	0.00	3.20384e14	1.00	
98.49	56.29	58.53	3.00	2.8564e15	0.00	2.8564e14	1.00	
127.78	68.89	21.40	3.00	2.29115e15	0.00	2.29115e14	1.00	
36.76	53.88	55.73	3.00	2.71842e15	0.00	2.71842e14	1.00	
103.31	45.74	62.59	3.00	3.44508e15	0.00	3.44508e14	1.00	
80.64	78.93	29.09	3.00	1.61467e15	0.00	1.61467e14	1.00	
138.15	81.03	3.90	3.00	1.44159e15	0.00	1.44159e14	1.00	
57.66	64.15	55.26	3.00	2.50528e15	0.00	2.50528e14	1.00	
98.07	66.87	48.02	3.00	2.18141e15	0.00	2.18141e14	1.00	
77.62	63.75	18.52	3.00	2.78816e15	0.00	2.78816e14	1.00	
43.21	51.72	47.02	3.00	2.85088e15	0.00	2.85088e14	1.00	
30.35	82.22	78.10	3.00	1.83323e15	0.00	1.83323e14	1.00	
24.39	32.26	47.52	3.00	2.03278e15	0.00	2.03278e14	1.00	
30.49	84.18	-3.61	3.00	1.49868e15	0.00	1.49868e14	1.00	
90.45	82.17	25.66	3.00	1.50049e15	0.00	1.50049e14	1.00	
17.69	38.01	63.05	3.00	1.90139e15	0.00	1.90139e14	1.00	
1.91	53.57	52.54	3.00	3.11352e15	0.00	3.11352e14	1.00	
101.06	61.05	58.10	3.00	2.77849e15	0.00	2.77849e14	1.00	
52.05	55.21	50.13	3.00	3.03755e15	0.00	3.03755e14	1.00	
39.90	8.98	44.26	3.00	1.75558e15	0.00	1.75558e14	1.00	
72.79	70.20	5.86	3.00	2.57652e15	0.00	2.57652e14	1.00	
140.01	18.97	-22.33	3.00	1.74417e15	0.00	1.74417e14	1.00	
27.22	48.91	38.70	3.00	2.87366e15	0.00	2.87366e14	1.00	
138.87	72.04	16.73	3.00	1.99754e15	0.00	1.99754e14	1.00	
54.52	80.10	77.90	3.00	1.50659e15	0.00	1.50659e14	1.00	
69.43	29.02	11.63	3.00	2.70779e15	0.00	2.70779e14	1.00	
90.25	62.58	54.75	3.00	2.87442e15	0.00	2.87442e14	1.00	
57.01	80.19	73.61	3.00	1.50852e15	0.00	1.50852e14	1.00	
86.41	93.39	-3.56	3.00	1.75421e15	0.00	1.75421e14	1.00	
89.53	58.98	41.22	3.00	2.51841e15	0.00	2.51841e14	1.00	
71.73	53.67	39.32	3.00	3.31736e15	0.00	3.31736e14	1.00	
16.74	55.47	48.33	3.00	3.0004e15	0.00	3.0004e14	1.00	
119.88	75.80	27.44	3.00	2.10814e15	0.00	2.10814e14	1.00	
29.94	71.55	72.94	3.00	1.66521e15	0.00	1.66521e14	1.00	
59.11	73.24	72.63	3.00	1.73184e15	0.00	1.73184e14	1.00	
52.31	69.99	71.57	3.00	1.88149e15	0.00	1.88149e14	1.00	
-11.76	28.91	39.42	3.00	1.57718e15	0.00	1.57718e14	1.00	
-11.17	17.68	53.72	3.00	1.57605e15	0.00	1.57605e14	1.00	
121.58	50.77	26.34	3.00	2.54408e15	0.00	2.54408e14	1.00	
31.55	50.90	56.60	3.00	2.5041e15	0.00	2.5041e14	1.00	
178.21	17.84	-36.21	3.00	1.50062e15	0.00	1.50062e14	1.00	
55.40	70.05	61.59	3.00	2.17992e15	0.00	2.17992e14	1.00	
72.99	54.90	58.83	3.00	2.67562e15	0.00	2.67562e14	1.00	
73.47	66.61	79.61	3.00	2.80566e15	0.00	2.80566e14	1.00	
48.52	97.62	9.51	3.00	1.49883e15	0.00	1.49883e14	1.00	
123.05	78.83	14.37	3.00	1.51805e15	0.00	1.51805e14	1.00	
87.99	66.80	57.72	3.00	2.76007e15	0.00	2.76007e14	1.00	
132.14	54.15	27.46	3.00	2.35865e15	0.00	2.35865e14	1.00	
110.69	3.90	19.05	3.00	1.54481e15	0.00	1.54481e14	1.00	
44.43	18.07	120.59	3.00	2.62946e15	0.00	2.62946e14	1.00	
51.43	68.12	57.76	3.00	2.3235e15	0.00	2.3235e14	1.00	
19.08	39.14	41.67	3.00	2.42624e15	0.00	2.42624e14	1.00	
0.17	34.20	53.01	3.00	2.22753e15	0.00	2.22753e14	1.00	
62.44	66.89	62.63	3.00	2.30026e15	0.00	2.30026e14	1.00	
110.76	26.91	59.57	3.00	1.96603e15	0.00	1.96603e14	1.00	
179.20	30.22	-9.30	3.00	1.46492e15	0.00	1.46492e14	1.00	
100.51	62.72	50.01	3.00	2.79855e15	0.00	2.79855e14	1.00	
149.50	47.93	29.47	3.00	1.83112e15	0.00	1.83112e14	1.00	
80.34	60.65	41.34	3.00	2.9695e15	0.00	2.9695e14	1.00	
98.20	63.77	27.57	3.00	2.41176e15	0.00	2.41176e14	1.00	
34.67	79.74	-2.34	3.00	1.44288e15	0.00	1.44288e14	1.00	
138.86	76.28	6.14	3.00	1.56908e15	0.00	1.56908e14	1.00	
147.05	57.45	19.35	3.00	2.0119e15	0.00	2.0119e14	1.00	
18.57	23.97	39.49	3.00	2.13531e15	0.00	2.13531e14	1.00	
-12.62	18.41	58.39	3.00	1.69548e15	0.00	1.69548e14	1.00	
52.78	66.59	68.94	3.00	2.24673e15	0.00	2.24673e14	1.00	
124.67	72.29	18.41	3.00	1.96052e15	0.00	1.96052e14	1.00	
55.82	57.89	43.52	3.00	3.15231e15	0.00	3.15231e14	1.00	
58.67	68.14	59.68	3.00	2.32714e15	0.00	2.32714e14	1.00	
-6.13	40.59	42.34	3.00	2.2279e15	0.00	2.2279e14	1.00	
1.57	8.14	130.39	3.00	1.40823e15	0.00	1.40823e14	1.00	
45.57	52.48	52.44	3.00	2.96749e15	0.00	2.96749e14	1.00	
85.84	62.17	57.52	3.00	2.62998e15	0.00	2.62998e14	1.00	
2.10	12.08	126.69	3.00	1.42684e15	0.00	1.42684e14	1.00	
110.69	66.64	37.33	3.00	2.53966e15	0.00	2.53966e14	1.00	
42.10	76.68	80.22	3.00	1.62888e15	0.00	1.62888e14	1.00	
0.07	47.18	43.45	3.00	2.79043e15	0.00	2.79043e14	1.00	
44.48	75.84	19.81	3.00	2.53675e15	0.00	2.53675e14	1.00	
41.60	65.73	63.49	3.00	2.6152e15	0.00	2.6152e14	1.00	
2.50	52.12	51.12	3.00	3.09426e15	0.00	3.09426e14	1.00	
39.49	77.38	76.52	3.00	1.58346e15	0.00	1.58346e14	1.00	
42.91	57.86	59.48	3.00	2.64876e15	0.00	2.64876e14	1.00	
17.94	52.76	56.63	3.00	2.63644e15	0.00	2.63644e14	1.00	
1.81	72.77	55.41	3.00	3.51731e15	0.00	3.51731e14	1.00	
123.61	60.02	19.91	3.00	2.47566e15	0.00	2.47566e14	1.00	
112.48	66.98	32.96	3.00	2.35505e15	0.00	2.35505e14	1.00	
29.03	51.03	51.04	3.00	2.55384e15	0.00	2.55384e14	1.00	
-138.71	3.27	-90.34	3.00	1.43438e15	0.00	1.43438e14	1.00	
-0.34	54.16	118.58	3.00	1.83682e15	0.00	1.83682e14	1.00	
68.89	62.41	55.92	3.00	2.59716e15	0.00	2.59716e14	1.00	
11.77	35.72	41.33	3.00	2.29882e15	0.00	2.29882e14	1.00	
15.54	47.46	50.19	3.00	2.84634e15	0.00	2.84634e14	1.00	
-12.97	14.88	144.20	3.00	1.47673e15	0.00	1.47673e14	1.00	
62.23	57.79	46.02	3.00	2.55007e15	0.00	2.55007e14	1.00	
41.87	66.72	62.90	3.00	2.11409e15	0.00	2.11409e14	1.00	
4.36	20.43	38.50	3.00	1.66178e15	0.00	1.66178e14	1.00	
131.41	55.94	32.86	3.00	2.31199e15	0.00	2.31199e14	1.00	
50.35	64.50	61.06	3.00	2.62208e15	0.00	2.62208e14	1.00	
50.58	60.26	59.78	3.00	2.48238e15	0.00	2.48238e14	1.00	
130.57	73.54	19.41	3.00	1.89134e15	0.00	1.89134e14	1.00	
12.83	44.74	63.30	3.00	2.29559e15	0.00	2.29559e14	1.00	
82.45	60.00	51.00	3.00	2.78216e15	0.00	2.78216e14	1.00	
44.74	79.90	77.14	3.00	1.56576e15	0.00	1.56576e14	1.00	
56.08	71.85	74.06	3.00	1.80224e15	0.00	1.80224e14	1.00	
147.07	61.25	12.14	3.00	1.93991e15	0.00	1.93991e14	1.00	
90.03	72.49	22.84	3.00	1.8225e15	0.00	1.8225e14	1.00	
-1.76	21.51	50.64	3.00	1.9068e15	0.00	1.9068e14	1.00	
86.33	64.34	46.17	3.00	2.20402e15	0.00	2.20402e14	1.00	
75.75	67.51	66.17	3.00	2.27633e15	0.00	2.27633e14	1.00	
47.77	57.30	59.34	3.00	2.66309e15	0.00	2.66309e14	1.00	
13.58	44.25	49.54	3.00	2.68379e15	0.00	2.68379e14	1.00	
113.95	60.67	27.16	3.00	2.50255e15	0.00	2.50255e14	1.00	
58.36	52.94	53.01	3.00	2.86386e15	0.00	2.86386e14	1.00	
30.43	69.23	80.08	3.00	1.50357e15	0.00	1.50357e14	1.00	
63.37	59.70	55.17	3.00	2.75116e15	0.00	2.75116e14	1.00	
153.23	43.29	-41.87	3.00	2.6783e15	0.00	2.6783e14	1.00	
143.43	62.05	29.77	3.00	2.07953e15	0.00	2.07953e14	1.00	
108.18	60.10	43.69	3.00	2.94817e15	0.00	2.94817e14	1.00	
37.44	82.24	69.55	3.00	1.82361e15	0.00	1.82361e14	1.00	
-15.71	34.84	126.14	3.00	1.53055e15	0.00	1.53055e14	1.00	
157.71	11.74	-35.17	3.00	1.73028e15	0.00	1.73028e14	1.00	
76.42	77.05	82.89	3.00	1.91092e15	0.00	1.91092e14	1.00	
50.39	69.48	64.06	3.00	2.14957e15	0.00	2.14957e14	1.00	
15.46	58.32	44.69	3.00	3.09379e15	0.00	3.09379e14	1.00	
99.33	62.10	43.68	3.00	2.87431e15	0.00	2.87431e14	1.00	
3.11	39.84	43.47	3.00	2.6455e15	0.00	2.6455e14	1.00	
34.13	72.96	76.87	3.00	1.70052e15	0.00	1.70052e14	1.00	
43.54	79.91	83.85	3.00	1.65303e15	0.00	1.65303e14	1.00	
84.16	85.09	50.22	3.00	1.42659e15	0.00	1.42659e14	1.00	
14.96	24.47	26.94	3.00	1.95466e15	0.00	1.95466e14	1.00	
-4.82	52.98	46.91	3.00	3.20703e15	0.00	3.20703e14	1.00	
18.21	44.39	46.73	3.00	2.707e15	0.00	2.707e14	1.00	
100.51	54.99	50.99	3.00	3.02701e15	0.00	3.02701e14	1.00	
8.50	23.74	45.37	3.00	1.8867e15	0.00	1.8867e14	1.00	
34.07	63.13	68.10	3.00	2.02873e15	0.00	2.02873e14	1.00	
53.53	76.21	73.02	3.00	1.77162e15	0.00	1.77162e14	1.00	
67.12	67.30	46.28	3.00	2.65605e15	0.00	2.65605e14	1.00	
15.02	42.23	48.51	3.00	2.46188e15	0.00	2.46188e14	1.00	
-61.44	2.69	-165.74	3.00	1.39503e15	0.00	1.39503e14	1.00	
137.29	79.67	9.86	3.00	1.52285e15	0.00	1.52285e14	1.00	
16.96	61.58	51.42	3.00	2.95534e15	0.00	2.95534e14	1.00	
11.38	25.34	29.39	3.00	1.93516e15	0.00	1.93516e14	1.00	
105.52	58.78	51.68	3.00	3.2432e15	0.00	3.2432e14	1.00	
45.75	75.30	72.89	3.00	1.73609e15	0.00	1.73609e14	1.00	
15.55	3.89	133.35	3.00	1.77268e15	0.00	1.77268e14	1.00	
48.68	52.97	52.52	3.00	3.09248e15	0.00	3.09248e14	1.00	
133.73	48.65	31.78	3.00	2.10734e15	0.00	2.10734e14	1.00	
153.48	19.98	-11.26	3.00	1.65471e15	0.00	1.65471e14	1.00	
15.41	40.50	46.39	3.00	2.77749e15	0.00	2.77749e14	1.00	
80.24	34.28	11.87	3.00	3.20901e15	0.00	3.20901e14	1.00	
61.66	65.64	56.06	3.00	2.45907e15	0.00	2.45907e14	1.00	
3.98	38.44	57.73	3.00	2.23326e15	0.00	2.23326e14	1.00	
